170 100
170 106
171 112
172 118
174 123
176 129
179 134
182 139
188 141
194 140
201 138
207 134
214 130
218 124
219 116
219 108
219 101
170 93
171 92
174 92
177 93
180 95
190 94
194 93
198 92
203 93
207 94
185 99
184 104
183 108
183 112
181 115
182 116
184 116
187 116
189 115
174 99
176 97
179 97
181 100
178 100
175 100
194 100
196 97
200 97
203 99
200 100
197 101
179 124
181 122
183 121
185 121
187 121
192 122
197 124
192 128
188 129
185 129
183 129
181 127
180 124
183 123
185 123
188 123
195 124
188 126
185 126
183 125