127 253
125 269
126 288
132 307
141 325
152 341
162 360
171 378
187 385
208 385
233 373
258 358
281 340
298 316
304 287
305 257
304 227
120 227
125 224
132 226
140 230
148 235
169 231
185 221
204 218
223 218
242 225
160 249
158 266
154 282
151 299
148 305
153 312
162 314
171 310
180 306
131 248
137 242
147 243
155 251
146 253
136 253
192 249
201 240
213 238
225 243
215 249
203 251
158 332
160 329
165 327
169 328
176 326
193 328
212 329
196 341
182 347
173 347
168 346
163 341
162 334
166 334
170 334
178 334
207 331
179 336
171 337
166 335