170 101
172 107
175 113
179 119
183 125
188 130
193 133
198 136
204 136
210 133
216 129
221 123
225 117
226 109
225 100
223 92
221 84
169 91
172 91
174 93
176 94
178 94
185 92
188 88
193 85
198 83
205 83
184 98
185 103
185 108
186 113
185 116
187 117
190 117
192 116
194 114
174 99
175 97
178 97
181 99
179 100
176 101
193 96
194 92
198 91
202 92
199 95
196 96
191 127
190 123
191 121
193 121
195 119
199 120
203 121
202 125
199 128
197 129
195 129
193 128
192 127
192 124
194 123
196 122
202 121
197 123
195 124
193 124