144 131
147 146
152 160
157 174
162 187
170 198
180 208
190 215
202 217
214 214
226 205
236 194
244 181
248 166
250 151
252 135
252 119
149 128
156 124
164 125
172 126
181 130
202 129
210 124
218 120
227 119
237 121
192 139
192 149
193 159
193 169
187 173
190 175
195 177
199 174
203 172
162 140
167 136
175 136
181 142
174 144
167 144
207 140
212 133
220 132
227 136
222 141
214 142
182 191
187 189
192 188
196 189
200 187
207 188
215 189
209 195
202 198
198 199
193 198
188 196
184 192
192 192
197 192
201 191
212 190
201 191
197 192
193 192