215 124
213 135
211 146
209 158
210 169
215 179
222 188
229 196
238 202
248 202
257 197
266 191
274 184
279 175
283 166
287 157
290 147
224 119
232 115
240 117
247 120
254 125
268 129
275 129
282 130
288 133
291 139
258 136
257 143
255 150
253 158
242 158
246 161
250 164
255 164
259 164
231 128
237 127
242 129
245 134
240 133
235 131
266 141
272 138
277 139
281 143
276 144
271 142
225 163
233 164
241 167
246 170
252 170
258 172
264 175
255 181
248 183
242 182
236 180
230 174
227 165
240 169
246 172
251 172
261 175
249 179
244 178
238 176