106 203
105 226
107 249
109 272
114 295
124 317
136 338
152 356
173 363
194 362
211 350
225 333
237 314
246 295
252 275
257 255
261 235
131 205
143 201
157 203
169 208
179 217
214 225
225 222
235 221
245 221
253 225
195 235
193 252
190 269
188 286
171 288
178 292
186 297
194 295
201 293
141 224
151 220
163 222
171 231
160 233
148 231
213 239
223 233
233 234
239 240
232 244
222 242
154 305
166 306
177 306
184 309
192 309
202 312
213 313
200 325
190 329
181 329
173 327
163 319
159 308
176 312
183 314
191 314
208 315
191 318
183 318
175 316