99 271
102 293
108 315
120 337
133 359
147 379
161 399
176 415
195 419
218 413
241 396
263 376
284 353
298 326
303 294
305 261
304 229
87 250
96 245
108 248
121 251
134 256
166 249
184 237
204 227
226 222
248 227
152 266
152 284
152 302
152 320
147 330
153 334
162 334
171 329
181 324
106 271
114 263
128 262
140 270
127 275
115 276
190 261
199 250
214 247
228 251
218 260
203 262
150 363
154 355
162 350
170 352
178 348
199 349
220 352
205 370
187 380
178 381
168 381
159 375
156 364
164 361
172 360
181 358
214 354
183 366
175 367
166 367