154 117
155 125
157 133
162 141
168 149
174 157
181 165
189 171
199 171
210 167
222 158
233 148
241 136
244 124
243 110
239 96
235 83
147 101
147 97
150 96
154 96
157 98
170 91
176 83
184 78
195 77
204 80
166 104
167 112
167 120
167 129
169 135
172 136
176 136
179 133
183 129
154 113
155 107
160 105
165 108
161 112
156 113
182 100
185 93
191 91
198 92
194 97
188 99
174 148
173 144
176 141
180 141
182 138
192 137
203 136
196 144
189 149
185 152
182 153
178 152
176 147
178 146
181 145
185 144
199 137
186 143
182 145
179 146