154 109
155 117
158 126
161 134
165 143
170 151
176 158
183 163
192 164
201 162
210 156
219 148
225 139
229 130
231 119
231 108
230 96
152 98
155 94
160 95
166 97
171 99
184 98
191 94
197 90
205 89
212 91
178 105
178 113
178 121
179 129
176 132
178 134
181 134
185 133
188 131
159 106
162 103
168 103
172 107
168 108
162 108
191 104
195 100
201 99
206 101
202 104
196 105
174 143
177 141
180 139
183 140
187 139
193 139
199 141
194 147
189 150
185 150
182 150
178 148
176 143
181 143
184 143
187 142
196 141
188 144
184 144
181 144