182 125
184 138
187 152
190 166
195 179
204 190
215 198
228 204
242 206
255 203
267 195
277 185
285 173
289 160
290 146
292 132
293 118
195 110
202 104
211 102
220 102
230 105
251 104
259 100
268 99
277 101
283 106
240 117
241 127
242 137
243 147
231 153
237 154
243 156
248 154
253 152
206 121
212 116
220 116
226 121
219 123
212 123
253 120
259 114
267 114
273 118
267 121
260 121
215 166
225 165
235 163
242 164
247 163
256 163
265 164
257 175
248 181
241 182
235 182
225 177
218 167
235 167
241 167
248 167
262 165
248 175
241 176
235 176