114 221
117 236
121 251
131 268
142 284
154 300
166 318
176 333
192 337
211 332
233 318
256 300
278 281
292 256
295 228
292 199
287 171
100 193
104 190
112 191
120 192
130 194
156 184
172 175
189 170
208 169
228 172
147 207
146 224
145 240
144 256
143 264
149 269
157 270
166 265
174 260
115 211
120 203
132 202
143 210
133 214
122 216
178 202
186 190
199 188
211 193
202 200
189 203
153 283
156 283
161 281
166 282
173 278
191 276
213 269
196 285
182 294
174 297
168 297
161 293
156 285
163 286
168 286
175 284
208 272
177 284
170 286
165 286