183 90
185 98
187 106
191 115
198 121
206 124
216 127
224 128
230 126
233 122
233 116
234 110
236 105
237 100
237 94
236 89
234 83
198 89
201 85
206 81
211 81
217 82
226 80
227 78
229 76
231 74
233 74
223 87
225 91
227 95
230 99
222 104
225 104
228 104
231 103
233 100
204 93
207 90
211 89
214 91
211 93
208 94
225 86
227 83
230 81
232 83
231 85
228 86
214 112
220 110
226 108
229 107
230 106
232 106
234 107
233 111
231 115
230 116
227 117
221 116
216 112
226 110
229 109
231 108
233 108
231 111
229 112
226 113