221 121
223 136
226 150
229 164
235 176
246 186
260 194
275 200
289 200
300 196
309 186
315 174
320 161
322 149
324 137
325 125
324 113
238 113
246 108
255 105
265 104
274 107
297 107
303 103
310 100
317 100
323 104
287 118
289 129
291 140
293 150
281 155
286 157
291 159
295 156
299 153
249 122
256 117
263 116
270 121
263 124
256 124
296 119
301 112
309 111
314 114
310 119
303 120
265 169
276 169
285 167
291 168
295 166
300 166
305 165
300 173
295 176
291 178
285 178
276 176
268 170
285 171
290 171
295 170
302 167
295 170
290 171
285 171