209 95
209 104
209 113
211 122
213 132
218 140
224 148
232 155
240 158
249 157
256 151
262 143
267 135
270 126
273 117
275 108
276 99
216 94
220 92
226 92
230 94
235 96
251 97
256 95
262 93
268 93
272 96
243 103
243 110
243 118
243 125
236 126
240 128
243 129
246 128
248 127
222 100
225 98
230 98
234 102
229 103
224 103
252 103
256 99
261 99
265 101
262 104
257 104
227 133
233 134
237 133
241 135
245 134
249 134
254 135
249 140
244 143
241 143
236 142
232 139
229 135
237 136
241 137
245 137
252 136
244 138
241 138
237 138