93 214
91 235
93 257
101 278
110 299
120 321
130 341
142 360
161 368
188 368
223 358
256 343
283 320
298 291
304 260
308 227
310 194
87 185
97 182
109 188
121 194
132 202
162 199
183 191
204 186
226 189
246 196
144 215
140 237
135 258
131 279
125 278
132 287
141 292
152 288
163 283
103 207
111 201
125 203
134 213
122 215
110 213
182 216
193 207
208 208
222 215
210 220
196 220
129 305
133 301
139 300
146 304
156 302
174 305
194 308
176 319
159 324
148 324
140 322
134 315
133 307
139 308
147 310
157 310
186 309
157 311
147 311
139 309