111 189
112 203
115 220
123 236
133 251
143 267
153 282
162 296
178 299
199 295
221 283
241 267
258 248
267 225
269 199
266 174
262 149
108 162
110 155
116 154
124 155
131 158
151 149
163 139
178 133
195 135
210 142
142 171
141 187
138 203
137 219
135 228
141 232
149 233
157 227
165 222
120 182
123 175
131 173
140 178
133 182
125 184
169 170
177 160
187 158
197 161
190 167
180 169
144 251
146 247
150 244
155 245
163 241
180 239
199 237
186 250
172 259
164 262
158 262
152 258
148 252
153 251
158 250
166 248
194 239
168 249
160 251
155 251