137 153
131 171
128 190
130 210
133 230
138 249
142 268
148 285
162 295
182 299
203 293
224 283
242 269
256 250
266 229
276 208
283 186
146 131
157 132
165 139
173 147
180 155
212 162
225 159
239 158
251 161
262 169
190 173
184 188
179 204
173 219
162 220
166 226
173 231
182 230
192 230
151 157
159 155
169 159
175 169
165 167
155 164
214 181
225 176
235 178
243 185
234 188
223 186
148 229
157 233
166 237
173 241
183 241
197 244
213 247
194 261
178 265
168 263
159 258
152 247
152 234
164 242
172 245
182 247
208 248
180 253
170 252
162 247