150 157
153 171
158 184
166 197
173 210
182 222
192 231
204 239
219 239
234 233
247 223
259 210
267 194
270 176
270 157
268 138
264 119
146 134
150 129
156 126
164 125
172 127
192 118
200 109
210 104
222 102
234 104
184 137
186 148
188 160
189 172
187 182
191 183
196 184
202 180
207 175
157 151
160 143
169 140
178 144
171 149
163 152
204 133
209 124
218 121
228 124
221 130
213 132
185 205
189 197
194 192
200 192
206 189
217 188
229 190
221 201
213 207
206 210
200 211
192 210
189 204
196 200
202 198
208 196
225 192
209 197
203 200
197 201