136 131
135 144
136 156
139 169
142 182
147 195
152 208
159 217
170 220
185 219
203 213
219 205
233 194
242 180
246 164
249 148
251 131
136 113
139 108
145 107
152 109
157 113
179 110
189 104
200 101
212 105
222 113
165 128
162 138
159 148
156 158
155 167
158 169
161 169
166 168
171 167
143 130
147 125
155 124
161 132
154 134
147 134
186 130
192 122
201 121
208 126
202 131
193 132
151 187
152 182
156 178
161 180
166 178
177 181
189 187
178 193
170 196
164 196
158 196
154 193
154 188
157 186
162 186
168 186
185 187
168 186
163 186
158 186