147 191
153 210
159 229
167 248
179 264
196 275
218 282
241 286
264 283
283 275
295 259
303 239
307 219
308 199
306 180
303 163
297 147
161 154
170 142
184 134
199 133
213 136
239 130
250 121
263 117
277 116
287 124
233 149
237 160
242 171
246 182
229 195
238 197
248 198
256 193
262 188
180 169
187 162
196 159
207 161
198 165
189 167
254 152
262 146
271 144
280 147
273 150
264 152
208 228
223 216
239 209
250 209
258 206
271 206
283 212
276 234
265 245
255 248
244 249
226 244
213 227
240 217
251 216
260 214
278 215
262 233
252 236
241 237