164 122
156 140
151 158
150 178
150 198
154 218
160 237
167 254
183 264
204 268
226 265
247 256
266 244
281 228
291 210
299 191
305 171
171 99
181 93
192 95
203 100
212 108
238 117
253 116
267 118
279 125
288 136
218 131
213 143
207 155
202 167
189 173
194 178
200 183
209 183
217 183
180 122
188 118
197 121
203 131
194 131
185 128
239 144
250 138
260 142
267 152
258 152
248 149
170 192
180 191
191 192
197 196
207 198
221 205
235 213
217 226
200 227
190 225
182 220
174 210
175 195
189 199
196 202
205 205
231 213
203 218
193 216
186 211