128 212
126 229
125 246
127 264
132 283
140 301
151 318
162 331
178 337
197 336
216 327
234 315
249 301
260 283
266 264
270 244
273 224
135 195
144 193
155 196
164 201
174 206
203 208
217 205
228 202
241 204
252 211
187 226
185 240
183 254
180 269
170 273
175 277
181 280
188 278
195 277
146 218
154 214
165 215
172 225
162 226
152 224
210 229
219 222
230 221
237 228
230 233
220 233
157 290
166 288
175 287
181 290
189 289
199 292
209 298
198 307
187 311
179 311
171 308
163 301
162 292
174 294
180 296
188 297
205 298
188 301
180 300
173 298