163 171
160 192
159 213
162 234
170 255
183 273
199 288
215 301
233 305
249 303
262 291
274 279
284 266
293 252
302 237
306 223
308 208
194 164
208 160
225 163
240 170
253 181
274 187
284 182
295 179
306 179
312 187
261 197
260 212
259 227
258 242
235 242
243 247
251 252
259 251
265 248
206 183
216 180
227 184
235 194
224 194
213 190
272 201
282 194
292 195
298 202
292 205
282 204
205 246
224 251
238 255
246 258
253 258
261 259
270 259
259 272
250 275
242 275
233 272
220 264
209 248
237 260
245 263
252 263
266 261
251 265
244 265
235 263