192 158
197 177
204 195
211 212
223 226
240 235
259 243
279 248
295 247
308 240
315 227
322 212
327 197
329 181
330 165
328 150
324 136
215 136
225 128
238 124
253 123
267 126
290 122
298 116
306 111
316 110
323 114
283 139
288 150
292 161
297 172
279 182
287 183
294 185
299 182
303 178
233 148
241 141
251 140
260 145
252 148
242 150
292 140
299 131
309 129
317 134
311 138
302 140
257 203
272 198
285 195
293 195
299 192
307 193
313 193
308 206
302 212
295 215
287 216
273 213
262 203
286 200
293 200
299 198
309 196
300 203
294 205
286 206