173 150
172 172
171 195
174 217
182 237
197 253
216 265
235 274
254 278
270 276
282 265
293 252
302 238
309 223
315 208
318 194
320 180
211 132
226 128
241 128
254 134
265 144
297 152
304 148
312 147
319 149
322 156
279 165
279 178
281 191
282 204
258 210
266 213
273 217
280 216
285 214
223 156
232 151
243 154
251 164
240 165
229 162
286 172
295 165
305 167
311 174
304 177
294 176
229 223
247 224
261 224
269 227
276 227
283 230
287 235
278 240
270 242
263 241
255 239
243 233
234 225
259 231
267 233
274 234
283 235
272 232
265 232
258 230