138 164
137 183
138 201
138 219
142 239
149 256
158 272
169 287
184 294
201 294
220 286
237 274
251 260
262 243
269 225
275 207
279 188
147 154
156 149
168 150
179 155
189 163
219 168
232 164
246 164
258 168
268 176
202 178
200 192
197 206
194 220
183 223
187 227
193 231
200 230
207 228
159 172
167 167
177 168
184 178
175 179
165 177
223 185
232 178
243 180
251 188
242 190
231 188
165 239
177 239
186 239
192 242
197 242
208 247
220 251
206 261
195 264
188 263
181 260
174 253
171 241
184 244
191 246
197 247
215 251
196 255
190 254
184 251