143 149
144 169
146 189
150 208
155 228
164 246
177 260
194 272
214 276
236 275
256 266
274 253
286 236
293 215
297 194
300 174
301 154
158 124
169 117
182 115
195 116
208 122
236 124
249 118
263 117
277 120
288 129
220 143
219 155
217 167
216 180
205 192
210 194
217 197
224 194
231 192
171 146
180 142
191 142
200 150
189 152
179 151
243 151
252 144
263 144
272 150
263 153
253 153
182 218
195 212
207 209
217 211
226 209
239 212
252 219
239 232
226 237
216 238
206 237
194 231
187 219
207 216
217 217
226 217
248 220
226 228
217 229
207 228