210 346
211 355
213 364
216 373
221 380
228 385
236 389
244 392
252 392
258 390
261 385
264 379
266 373
268 366
269 358
269 351
268 344
225 342
229 339
234 338
239 338
244 340
253 339
256 337
261 336
264 337
266 340
250 345
251 350
252 354
254 358
246 362
249 363
252 363
255 363
257 362
231 346
234 345
237 345
240 346
237 347
234 347
255 346
257 344
260 343
262 344
260 345
258 346
240 372
245 370
250 369
253 369
255 368
259 369
261 371
259 376
256 378
253 379
249 378
244 376
241 372
250 370
253 371
255 370
259 371
255 375
253 376
249 376