206 131
209 146
213 160
217 174
224 187
236 197
249 205
264 210
279 210
293 205
303 194
310 182
316 168
317 154
317 139
317 125
315 112
220 118
227 112
235 109
243 108
252 110
275 106
282 101
289 98
297 98
304 101
266 121
268 131
269 141
271 152
261 157
267 159
272 160
277 157
280 154
232 127
237 121
245 121
251 126
245 128
237 129
277 121
282 113
290 111
296 115
292 119
284 121
245 170
255 166
264 165
272 165
278 163
287 162
295 162
289 174
282 180
275 182
267 182
256 179
248 171
265 169
272 169
279 167
292 164
281 175
273 177
265 177