150 171
155 195
163 220
172 242
187 262
208 277
231 289
254 298
273 297
287 288
295 270
303 253
310 234
314 216
316 197
314 178
309 160
183 155
196 147
212 145
228 148
242 154
273 149
282 141
290 136
300 132
307 137
261 170
265 185
268 199
272 213
252 221
261 223
270 225
276 221
281 217
201 174
212 168
224 168
235 176
224 179
211 179
273 171
281 160
292 158
300 163
295 169
284 171
224 241
241 235
259 232
269 233
278 230
288 230
296 231
291 252
281 264
271 267
260 268
241 260
229 242
259 238
269 238
278 236
292 234
280 252
270 256
259 256