192 139
198 152
203 163
209 175
218 184
231 190
245 194
259 196
271 194
280 187
286 177
292 167
295 155
295 143
293 130
290 118
286 106
202 123
208 117
216 114
224 113
233 114
256 107
261 101
266 96
273 93
280 95
249 119
253 128
257 136
260 144
250 150
256 151
262 151
265 148
268 144
216 130
221 125
228 123
235 126
229 129
222 131
258 117
262 111
268 109
274 110
271 114
265 116
234 164
244 159
254 156
261 155
267 153
274 151
281 151
277 162
271 168
265 171
258 172
247 171
237 164
255 159
262 158
268 156
277 152
269 163
263 166
256 167