170 161
172 182
176 203
182 224
193 242
210 255
231 263
253 268
274 270
291 267
303 256
311 239
316 222
320 206
322 190
322 174
318 161
208 128
220 119
235 113
250 114
264 120
292 124
299 120
307 119
314 123
318 130
280 141
283 151
286 160
290 169
268 183
275 186
283 188
289 188
294 186
226 144
235 138
245 139
253 147
244 148
234 147
290 150
298 144
306 145
311 153
306 154
298 153
237 212
255 206
273 202
281 204
288 203
298 209
304 220
296 229
286 232
278 231
269 230
253 225
243 213
271 210
280 211
287 212
299 220
286 222
279 221
270 220