169 90
170 104
170 117
173 130
178 141
188 150
200 157
213 162
225 164
234 162
242 155
248 145
253 135
256 124
258 114
259 103
257 93
191 67
198 62
208 61
217 63
225 68
240 71
245 68
250 68
254 70
256 74
233 81
234 87
235 93
236 99
223 109
228 110
232 111
236 111
239 111
201 80
207 78
213 79
217 84
212 84
205 83
239 87
244 84
249 84
252 88
248 89
244 89
212 129
220 122
228 119
232 121
236 120
241 124
243 132
240 138
234 140
230 140
225 139
219 135
216 128
227 126
231 126
235 127
240 131
235 132
231 132
227 131