138 152
137 163
138 176
143 189
149 201
157 213
164 226
170 238
182 242
196 241
212 232
227 220
241 206
250 190
253 171
253 152
252 134
134 131
137 127
143 128
149 130
154 133
174 130
185 123
197 120
210 121
221 126
164 145
163 156
161 166
159 176
157 185
161 187
166 188
172 185
178 183
142 148
146 143
154 143
160 148
153 151
146 151
187 146
193 139
201 138
209 141
203 146
195 147
158 201
162 199
166 197
170 198
176 196
188 196
201 196
191 206
179 211
173 212
169 212
164 208
161 202
167 203
171 204
177 202
198 197
178 203
172 204
168 203