134 182
136 198
139 214
145 230
151 246
159 262
168 277
179 289
196 293
214 290
230 280
244 266
255 250
262 231
266 211
269 189
270 169
136 166
143 161
152 163
160 166
169 170
201 167
213 161
224 157
236 156
248 160
185 184
184 198
183 212
183 226
174 230
179 234
186 236
193 233
200 229
147 184
154 178
164 178
173 186
163 188
153 189
207 184
215 176
226 174
235 179
228 185
217 186
166 244
174 242
181 241
188 243
196 240
207 241
221 242
208 253
198 259
190 260
182 259
174 253
171 246
182 247
189 247
196 246
215 243
197 247
189 248
182 247