178 115
174 127
171 138
172 150
174 162
177 174
181 185
186 199
195 207
209 210
227 207
242 201
256 192
267 179
274 164
281 148
286 131
180 99
186 97
191 99
197 103
203 108
220 112
232 109
244 109
255 113
264 121
207 122
203 130
199 138
195 146
191 151
194 155
198 157
204 157
211 156
185 116
190 112
197 114
202 122
195 121
188 120
226 128
233 122
241 123
248 129
241 131
233 130
186 164
189 162
195 163
199 165
205 165
216 169
229 175
214 180
203 181
197 180
192 177
188 172
190 165
194 166
199 168
204 169
226 174
204 176
198 174
193 172