183 128
185 140
187 153
189 166
194 177
202 188
210 197
220 205
232 207
244 202
254 192
263 181
271 169
276 156
277 142
277 129
277 116
187 120
194 117
201 117
208 118
216 121
235 120
243 116
250 113
258 112
265 115
226 129
227 139
228 149
228 159
219 160
223 163
228 165
233 162
237 159
198 129
203 126
209 127
215 131
209 132
202 132
239 128
244 123
250 122
256 125
252 128
245 129
206 169
214 168
222 168
228 169
235 168
242 166
250 166
244 180
236 185
229 187
222 186
214 181
209 170
222 172
228 172
235 171
248 168
235 180
229 181
222 180