167 113
168 124
170 134
173 146
176 156
183 166
191 174
200 180
211 182
222 180
234 174
245 167
253 156
257 144
259 131
260 118
260 105
169 102
173 97
179 96
186 97
192 100
210 98
217 94
225 92
233 93
242 96
202 109
202 117
202 126
202 134
196 139
200 141
204 142
209 140
213 138
177 111
182 107
188 107
193 112
187 114
182 114
217 110
222 105
229 104
234 107
230 110
223 111
192 155
196 150
201 147
205 148
210 147
218 149
226 153
219 161
212 164
206 165
202 165
196 162
194 155
201 152
206 152
210 152
223 153
211 158
206 159
201 158