196 127
197 139
200 151
203 162
209 173
217 181
227 188
239 193
250 194
260 191
267 184
273 174
278 164
281 153
283 142
284 132
283 122
208 116
215 112
223 110
231 111
239 114
258 113
263 110
268 108
274 107
280 109
250 123
251 131
252 139
252 148
243 153
247 155
251 156
255 154
258 152
219 124
224 119
231 119
237 124
231 126
224 126
258 123
262 117
269 116
274 120
270 123
264 124
233 167
241 165
248 163
251 164
254 162
259 164
265 165
260 170
255 173
252 174
248 174
241 172
237 167
248 167
251 167
254 167
262 166
255 167
251 168
248 168