161 171
165 190
171 209
176 228
184 245
197 260
212 271
230 280
247 281
263 274
276 261
287 246
296 229
301 211
302 191
302 172
302 153
172 160
182 153
194 152
206 154
219 158
245 154
255 148
266 143
277 141
287 145
233 167
235 180
237 193
239 207
227 213
233 215
240 216
246 212
251 209
189 171
197 164
208 164
216 172
207 175
196 176
250 168
257 157
267 155
276 161
270 167
260 169
211 232
223 228
234 226
242 226
250 223
261 222
272 223
264 238
254 246
245 249
236 250
224 246
215 233
235 231
243 230
251 228
268 225
253 237
244 240
236 240