204 119
204 134
205 148
206 163
209 177
216 189
225 199
238 206
252 209
266 208
278 203
287 194
293 183
298 170
301 157
304 144
307 130
215 110
223 104
233 103
243 105
252 110
270 112
279 109
288 108
296 111
302 117
260 120
259 129
259 137
258 146
247 152
252 154
256 156
261 155
265 153
227 120
233 117
241 117
246 123
240 124
232 123
271 125
277 121
284 121
289 126
284 128
277 127
233 169
241 164
249 163
255 164
261 164
268 167
275 173
268 180
260 182
254 182
247 181
239 177
236 169
249 167
255 168
260 168
272 173
260 176
254 176
248 175