205 115
207 129
210 141
214 153
220 164
229 173
238 181
250 187
261 188
271 186
279 179
284 170
289 160
292 148
293 137
294 125
293 113
218 105
225 100
234 99
243 100
251 104
270 103
276 100
282 99
288 98
293 100
261 113
262 122
263 131
264 140
254 145
258 147
263 148
267 146
270 144
229 114
234 110
241 110
247 115
241 116
234 116
271 114
276 109
282 108
287 111
283 114
277 114
244 160
251 157
258 155
262 156
266 155
272 157
277 159
272 166
267 169
263 170
258 170
251 166
247 160
258 160
262 160
266 160
274 160
266 162
262 163
258 162