175 137
175 149
176 159
178 170
181 180
185 189
190 199
196 208
204 211
214 211
225 205
233 197
241 188
247 177
250 165
253 152
253 139
176 128
180 124
187 125
192 128
198 131
215 133
222 129
229 127
237 128
244 131
206 141
205 150
204 159
204 168
197 170
200 172
204 175
208 173
212 171
182 138
187 135
193 136
198 142
192 143
186 142
219 143
224 138
230 138
235 142
231 145
225 145
191 180
196 179
201 179
204 180
208 180
214 182
222 184
214 190
207 192
203 192
199 191
195 187
194 182
200 182
204 183
208 183
219 185
208 186
204 186
200 184