157 166
158 188
162 210
167 231
178 250
192 265
209 278
227 286
243 286
256 280
265 265
274 248
283 232
288 215
292 198
294 181
294 165
182 155
194 150
206 149
219 150
233 155
257 155
265 151
274 147
283 145
290 149
245 172
246 186
247 200
248 214
233 221
239 223
246 225
252 222
257 218
198 170
206 165
216 165
224 174
215 176
204 176
257 172
264 163
274 162
282 167
276 173
266 174
213 243
225 239
237 237
244 237
250 235
258 236
265 238
259 252
252 260
245 262
237 262
224 257
217 243
237 240
245 240
251 238
261 240
251 253
245 255
237 255