146 128
147 142
148 157
150 171
155 184
164 195
174 203
187 210
200 212
212 210
223 204
231 195
236 184
240 172
242 159
243 146
243 135
158 111
167 105
178 103
189 105
200 109
216 111
224 108
232 108
239 110
244 115
207 122
208 131
208 140
209 149
196 157
201 159
206 160
211 159
215 158
171 122
177 118
185 118
191 124
184 125
177 125
217 126
223 122
230 122
235 127
230 129
223 128
185 175
193 171
201 169
206 170
210 170
216 173
221 178
215 182
209 184
205 184
199 183
193 180
189 176
200 175
205 176
210 176
218 178
210 176
205 176
201 175