174 121
174 132
175 142
180 153
185 162
191 172
197 183
204 191
215 193
227 190
238 183
248 173
258 163
265 150
268 137
269 122
269 107
171 109
175 106
181 107
188 108
194 112
213 110
222 104
232 101
242 101
251 105
204 121
204 130
203 140
203 149
197 151
201 154
206 155
212 152
217 150
178 121
183 117
190 117
196 122
189 124
182 124
221 120
227 114
234 113
240 115
236 119
228 120
190 160
196 160
202 159
207 160
214 158
224 157
235 157
226 168
216 173
209 175
204 175
197 171
193 162
203 163
208 163
214 162
232 158
215 167
208 168
203 168