170 116
167 125
166 135
167 146
169 156
173 166
178 176
183 185
191 190
204 191
218 187
233 181
247 174
256 164
261 150
264 136
266 122
170 100
174 98
179 99
183 102
188 106
208 107
215 104
224 104
232 106
240 111
195 117
193 125
190 133
188 141
183 145
186 148
190 151
195 150
200 149
176 115
180 112
185 113
189 118
184 118
179 117
212 121
217 118
223 118
229 122
223 123
217 123
178 157
182 156
187 156
190 157
195 157
204 160
214 163
203 167
194 169
189 169
185 167
181 163
180 159
186 161
190 162
195 163
211 163
194 163
189 162
186 160