178 106
177 115
178 125
181 134
185 144
190 154
194 164
199 173
208 176
219 175
231 169
241 160
250 150
257 139
260 127
260 112
259 99
175 93
178 92
182 93
186 95
190 98
210 97
217 93
224 91
232 92
238 96
199 107
198 115
197 123
195 131
192 134
195 137
199 137
202 136
206 135
181 104
184 101
190 102
195 107
189 107
184 107
213 107
218 102
224 102
229 104
225 108
219 109
191 144
193 143
197 143
200 144
204 144
213 144
223 144
214 150
206 153
201 154
197 153
194 150
193 145
197 147
200 148
205 148
220 145
205 148
201 148
197 147