177 100
174 112
173 124
171 136
171 149
175 161
180 173
186 185
196 192
209 193
223 188
236 182
248 173
257 163
263 151
268 138
272 125
182 96
188 92
195 94
202 98
208 103
227 106
237 105
245 105
253 108
260 112
214 113
212 120
208 128
205 136
198 138
201 141
205 144
210 143
216 143
189 105
195 104
201 106
205 111
199 110
193 108
229 117
236 114
242 116
247 120
241 120
235 119
187 149
193 148
200 149
204 151
210 151
219 154
227 158
217 168
207 171
201 170
196 168
190 161
190 151
199 154
203 155
209 156
224 158
208 164
202 163
198 161