186 112
185 122
186 133
189 144
192 155
197 165
203 175
209 184
217 188
228 187
240 182
252 174
262 165
270 154
273 141
275 128
276 114
186 99
191 96
196 98
202 100
207 104
224 103
232 100
240 97
248 98
255 102
215 112
214 121
213 129
211 137
207 142
210 144
213 145
217 144
221 144
192 111
197 107
203 108
209 113
202 114
196 114
229 114
234 109
241 109
246 113
242 116
235 116
202 158
206 155
211 153
214 155
217 154
225 157
233 160
225 167
218 170
214 170
210 169
206 165
205 159
211 158
214 158
217 158
229 160
217 163
213 163
211 162