187 136
190 148
194 160
198 171
203 182
212 190
223 195
236 198
247 196
257 191
265 182
271 172
275 161
276 148
276 136
274 125
273 113
192 125
196 119
202 115
210 113
217 116
239 111
244 105
250 102
257 101
263 104
230 123
232 132
234 141
236 150
228 155
233 155
238 156
242 152
246 149
203 131
208 126
214 125
220 129
214 131
208 132
241 122
245 116
251 114
256 116
253 120
247 122
218 167
226 164
234 161
240 161
245 158
252 156
259 156
255 165
249 171
244 174
237 175
228 174
221 167
235 164
241 163
246 161
257 157
247 167
242 169
236 170