103 316
103 321
102 326
103 331
105 336
109 339
113 342
118 344
123 344
126 343
128 341
130 338
131 334
133 330
134 327
135 323
135 320
112 310
115 308
119 307
122 308
125 310
130 310
132 310
134 310
136 311
136 313
128 314
128 317
129 319
129 322
123 324
125 325
127 326
129 325
130 325
116 314
118 313
120 313
121 314
120 315
118 314
129 316
131 315
133 315
134 316
133 317
131 316
118 331
121 328
124 328
126 329
128 328
129 329
129 332
129 335
127 336
125 336
123 336
120 334
119 331
124 329
126 330
127 330
129 332
127 334
125 334
123 334