179 126
180 137
182 149
185 160
190 171
196 181
204 191
214 199
226 199
237 196
248 187
256 177
263 165
267 152
269 140
269 127
270 115
181 116
186 110
193 107
201 107
209 110
225 107
233 103
241 100
250 100
257 104
218 118
218 127
219 136
219 145
212 152
216 153
221 154
225 151
229 149
190 124
195 120
201 119
206 123
201 123
195 124
232 118
237 114
242 113
248 116
243 117
238 118
202 164
208 162
216 161
221 161
227 160
235 159
244 160
237 170
229 175
223 177
217 177
209 174
205 165
216 164
222 164
228 163
241 161
228 169
222 170
216 170