156 162
161 177
168 192
177 205
188 216
203 222
219 227
235 229
248 227
257 221
262 210
265 198
267 185
267 171
267 158
265 146
260 134
178 130
185 121
196 115
208 114
219 117
238 115
243 110
249 107
255 107
259 110
233 132
237 141
242 151
246 160
232 172
239 172
244 172
248 169
251 166
192 140
199 134
207 133
214 139
208 141
199 142
241 134
245 126
253 124
258 129
254 133
247 134
223 197
232 187
242 180
247 180
251 178
256 180
258 187
258 195
254 201
249 203
244 204
234 203
227 196
242 187
247 186
251 185
256 187
252 192
248 194
243 196