158 129
160 142
162 155
166 168
172 181
181 193
190 203
202 211
213 213
224 209
236 201
247 190
255 178
259 164
261 150
262 136
262 122
164 121
170 117
178 117
186 120
193 123
213 121
222 117
230 114
240 113
248 117
205 132
205 142
206 151
206 160
198 165
202 165
207 166
212 164
217 163
174 133
180 130
186 130
191 134
186 135
180 135
221 133
226 128
232 127
238 129
233 132
227 133
189 177
196 174
203 173
209 174
215 172
223 172
232 174
225 185
217 191
210 192
204 192
197 187
192 178
203 177
209 177
215 176
229 175
216 184
210 185
204 185