230 165
238 182
247 197
257 212
271 222
289 228
308 232
328 233
342 227
349 216
349 202
350 189
352 176
354 164
354 152
350 140
344 128
257 161
265 154
275 148
287 145
300 144
322 137
325 130
330 123
335 117
342 115
317 149
323 160
330 171
336 182
320 189
328 189
335 189
340 184
342 178
274 165
281 159
289 155
297 158
291 162
283 165
324 143
328 136
334 132
340 132
337 137
331 141
304 202
318 200
328 197
334 195
337 191
340 187
344 182
344 190
343 197
339 202
332 205
320 207
308 202
329 201
335 199
339 196
341 186
340 191
336 195
330 198