225 127
223 142
221 157
220 172
221 188
227 202
235 214
246 226
258 231
273 231
288 225
302 216
313 204
321 189
326 174
331 158
336 141
235 119
242 115
250 114
259 117
266 121
288 124
298 122
307 122
316 126
323 133
274 136
272 147
270 159
268 170
257 172
262 175
267 178
273 176
279 175
243 132
249 129
257 131
262 137
255 136
248 135
288 141
295 137
303 138
309 142
302 144
295 143
243 182
252 181
261 182
268 184
275 184
285 185
295 189
284 201
273 204
265 204
257 202
249 196
246 184
259 186
267 188
275 188
291 190
274 197
266 197
258 195