223 173
224 189
227 206
231 221
237 236
245 249
256 261
267 273
282 277
298 274
313 264
328 253
338 239
344 222
348 204
350 186
350 168
226 165
235 161
245 163
255 167
265 171
292 170
303 166
314 162
326 162
336 165
277 180
277 193
276 207
276 220
266 223
271 226
277 228
284 226
291 223
240 175
247 172
256 173
263 180
255 181
246 181
299 180
306 173
316 172
323 176
317 181
308 182
260 239
268 240
275 239
279 241
285 239
293 240
303 241
293 249
285 253
279 253
274 252
267 248
264 241
275 244
279 244
285 244
299 241
285 244
279 244
275 243