231 186
237 202
244 218
251 234
263 248
277 258
294 266
312 271
328 268
340 260
346 246
351 230
353 213
354 198
351 182
347 166
341 152
239 170
247 163
258 160
269 159
281 162
299 155
307 148
316 142
326 138
336 140
295 170
299 182
303 194
307 205
296 213
303 213
310 213
315 209
320 205
255 181
262 175
271 173
279 178
272 181
263 182
309 168
314 160
323 157
331 159
326 164
318 167
285 231
295 226
305 222
313 221
320 217
329 214
338 214
335 231
328 240
321 244
312 246
299 244
289 231
307 228
315 226
321 222
335 216
324 232
318 236
309 238