277 165
279 184
281 202
286 220
295 235
309 247
326 255
344 260
361 260
375 256
385 246
394 234
400 221
404 207
407 193
408 180
407 167
306 152
317 144
330 141
344 143
357 148
374 149
383 145
391 142
400 141
406 147
366 162
368 173
370 183
372 194
356 202
362 203
368 205
372 203
376 201
321 163
329 159
338 160
345 166
337 168
328 167
375 166
382 159
391 159
397 163
392 167
383 168
335 218
348 216
359 214
365 216
371 214
377 216
382 219
376 226
371 229
364 229
358 229
347 227
339 220
358 221
365 221
371 221
378 221
370 221
365 221
358 221