209 567
206 584
207 603
211 623
217 643
225 664
233 685
243 701
261 707
283 703
304 688
323 673
346 656
365 635
375 610
379 583
382 556
210 539
218 536
227 538
235 541
243 547
260 544
275 538
290 532
308 530
326 536
250 560
248 575
245 591
242 606
235 618
241 620
246 623
256 621
266 618
216 563
223 556
234 556
243 564
233 568
223 568
276 562
285 552
297 551
308 556
298 562
286 563
230 653
233 641
242 635
248 636
255 634
268 641
281 654
269 666
258 676
249 677
242 676
235 667
235 653
243 646
249 646
256 646
274 653
256 662
248 663
243 662