268 160
268 177
269 194
270 211
275 227
284 241
296 253
311 262
327 264
343 263
358 256
371 246
381 234
387 219
390 203
393 187
394 171
277 144
287 137
300 136
312 139
323 145
344 146
355 141
366 140
378 143
387 149
332 159
331 172
330 185
329 198
316 203
322 205
328 208
335 206
342 204
291 158
299 154
308 155
315 163
307 163
298 162
351 164
358 158
367 158
374 163
367 166
359 166
301 220
312 218
321 217
329 219
336 217
346 219
357 223
346 230
336 234
328 234
320 234
311 230
306 221
321 225
328 225
336 225
352 223
336 225
329 225
321 224