279 141
281 157
283 172
286 188
292 202
303 214
315 225
329 233
343 235
355 231
364 220
372 208
379 196
383 183
385 169
386 156
387 142
293 133
301 127
312 125
323 126
333 131
351 131
360 126
369 124
378 126
384 132
343 143
345 154
346 166
347 178
335 181
340 182
345 185
350 182
354 180
307 143
313 140
321 140
328 145
320 146
313 146
354 145
361 140
368 140
374 143
369 146
362 146
316 191
328 191
338 191
344 192
350 191
357 191
364 191
358 203
351 209
344 210
338 210
327 205
320 193
338 195
344 196
350 194
361 192
351 202
344 203
338 203