231 163
230 176
232 188
237 201
244 214
252 227
260 239
269 251
281 254
295 251
309 242
323 231
335 217
342 202
345 185
345 167
344 150
230 148
235 143
243 143
251 144
260 147
281 144
291 139
301 135
312 134
323 137
270 159
270 170
269 181
269 192
262 198
267 200
273 201
279 198
286 196
239 161
245 157
253 157
260 162
252 163
244 164
289 159
296 152
305 150
312 153
306 157
298 159
256 210
262 208
269 207
276 207
283 206
297 204
310 205
299 220
287 227
278 229
271 228
263 223
260 212
270 211
276 212
284 210
308 206
285 220
278 221
271 220