201 178
200 191
201 205
204 219
209 233
218 246
229 258
240 269
254 272
268 268
283 260
297 250
309 237
315 222
317 207
319 191
320 174
207 168
213 163
222 163
230 165
239 169
260 166
269 161
280 158
291 160
300 164
248 178
247 188
246 197
246 207
238 213
242 215
248 217
254 214
259 212
217 180
223 176
231 177
237 181
230 182
223 182
266 179
273 174
281 174
288 177
282 180
274 181
230 227
237 224
245 222
250 223
257 222
269 223
281 226
270 237
259 241
251 242
245 242
237 238
233 228
245 227
250 227
257 227
278 227
258 235
251 236
245 235