309 139
311 155
313 170
315 186
321 200
330 213
343 222
358 229
373 231
387 228
401 221
413 211
421 199
424 185
425 171
426 157
427 142
322 126
330 120
341 118
352 119
362 124
386 124
395 121
404 121
413 123
419 129
374 136
374 145
375 153
375 162
363 168
369 170
374 172
380 170
385 169
335 137
343 134
350 135
357 140
350 141
342 140
389 141
395 137
403 137
409 141
403 143
396 143
346 185
357 181
367 180
375 182
382 181
392 182
401 187
392 197
382 200
374 200
366 200
356 196
349 186
367 186
375 186
382 186
398 188
382 194
374 194
367 193