253 154
258 170
265 186
272 200
282 214
295 224
310 233
327 240
342 238
354 231
363 218
369 205
375 190
376 175
375 160
373 145
371 131
265 147
273 138
284 134
297 132
310 133
330 129
339 122
349 118
360 116
368 121
323 143
326 154
329 165
332 176
321 184
327 184
333 185
338 181
342 178
280 152
287 146
296 144
305 150
297 154
288 155
337 143
342 134
351 131
358 135
354 140
346 143
307 202
317 198
327 195
334 195
340 193
348 191
357 190
352 206
345 213
338 216
330 217
319 214
310 202
328 199
335 198
341 196
354 192
343 205
336 208
329 209