272 129
272 146
272 162
274 178
280 193
290 206
301 218
313 228
326 233
339 231
350 222
360 212
368 200
373 186
376 172
380 158
382 144
287 122
296 115
307 112
319 113
330 117
347 120
358 119
367 120
376 125
380 134
338 133
337 145
337 157
336 170
323 172
328 175
334 178
339 177
344 175
300 132
307 129
314 130
320 136
313 136
306 135
350 139
357 135
364 137
369 142
363 143
356 142
304 183
315 183
325 183
332 186
339 185
346 187
354 189
345 201
337 205
329 205
322 203
313 197
307 185
324 187
331 189
338 189
351 190
338 199
330 200
323 198