215 133
216 148
218 161
221 175
225 188
234 199
246 208
260 215
275 216
288 214
298 206
305 196
310 185
313 173
314 160
314 147
313 135
231 121
238 116
248 114
258 115
267 119
286 120
292 117
298 116
305 116
310 119
277 129
277 139
278 148
279 158
268 164
273 165
278 168
282 166
286 164
242 130
248 126
256 126
263 132
255 133
248 133
286 132
292 127
299 127
304 131
299 133
293 133
253 178
261 175
270 173
277 175
283 173
290 175
296 179
290 189
283 192
277 193
270 193
261 189
256 179
270 179
277 179
283 179
293 180
283 185
277 185
270 185