308 127
308 141
308 155
309 170
313 184
319 196
328 208
339 219
351 222
364 220
377 212
388 204
396 194
402 180
405 166
406 152
407 139
316 120
323 116
332 116
341 119
348 125
367 126
375 122
383 121
391 122
398 125
356 136
355 146
354 157
353 168
343 170
348 172
353 175
359 173
364 171
324 133
330 130
338 132
344 137
336 138
329 137
371 139
377 135
384 135
390 139
384 141
377 141
330 179
339 178
346 179
353 180
360 180
368 180
378 183
368 194
359 199
352 199
345 198
337 192
334 180
346 182
353 184
359 183
375 183
359 192
353 192
346 190