278 148
278 164
279 180
281 195
285 210
292 224
302 236
313 246
327 249
341 246
352 236
362 223
371 210
377 196
380 182
383 167
385 153
291 145
298 141
307 140
316 143
325 146
345 148
353 145
361 142
370 142
377 146
333 156
333 169
332 182
332 195
321 196
325 198
331 201
337 198
342 195
301 153
306 149
313 149
319 156
312 156
305 156
347 156
353 150
360 150
367 154
361 157
353 157
305 206
314 206
323 206
331 208
337 206
346 205
355 204
346 217
337 224
330 226
322 225
313 219
308 208
323 211
331 211
337 210
351 206
337 217
330 218
323 217