206 159
205 174
205 188
207 203
211 218
219 231
228 243
239 253
254 257
269 254
283 247
296 238
307 226
313 212
315 197
316 181
315 166
209 145
215 139
224 137
234 139
242 144
267 144
276 141
286 140
295 142
303 148
253 157
252 167
251 176
250 186
241 194
246 195
251 197
257 195
263 194
218 157
225 152
233 153
241 160
232 161
224 161
269 161
276 155
285 155
292 161
286 163
277 164
230 211
238 208
247 207
253 209
260 207
272 208
282 212
272 224
261 229
253 230
247 229
238 224
234 212
247 211
253 212
260 211
279 212
261 221
253 222
247 221