267 186
270 203
272 219
276 236
284 250
298 259
315 267
332 273
348 274
362 270
373 260
383 248
390 236
392 221
393 206
392 191
391 177
285 171
293 164
305 161
316 161
328 165
353 164
362 159
372 157
382 159
388 165
342 177
344 185
346 193
347 202
335 210
341 211
347 213
352 211
356 209
301 181
308 176
317 176
324 181
316 183
308 183
355 179
362 173
370 173
377 177
371 179
363 180
314 229
327 224
338 221
347 223
353 221
363 222
371 227
364 240
355 245
347 246
339 245
326 240
318 230
338 227
347 227
354 226
367 228
354 237
347 239
338 238