214 138
210 150
208 163
208 177
210 192
215 205
222 219
230 230
242 235
258 235
274 229
291 222
306 212
317 200
322 184
325 169
328 152
219 125
224 122
231 121
239 123
246 127
267 127
277 124
288 125
298 130
306 137
251 140
248 150
244 158
240 168
235 174
238 177
243 179
249 178
256 177
225 139
231 135
238 137
243 143
236 143
230 142
270 146
277 141
285 142
291 147
284 149
277 148
229 190
234 188
240 187
245 189
250 188
262 192
274 196
262 205
250 207
244 206
238 205
233 201
232 191
239 191
244 192
250 193
271 196
250 201
245 200
240 198