273 156
270 171
269 187
269 203
272 218
281 232
293 242
306 251
321 254
334 252
344 243
352 233
358 222
364 209
368 197
372 185
374 174
300 146
309 144
318 146
327 149
335 154
348 158
356 155
363 154
370 155
375 159
339 165
339 176
338 187
337 198
324 201
329 204
334 207
338 206
342 203
307 159
313 156
320 158
324 164
317 164
311 162
348 169
354 164
361 165
365 169
360 171
354 170
305 216
315 216
324 216
330 218
335 217
339 219
342 221
337 226
332 228
327 227
321 226
313 223
308 217
323 220
329 222
334 222
339 222
333 222
328 222
323 221