190 138
191 153
193 168
197 183
201 198
209 212
220 224
233 234
249 237
266 233
281 224
295 213
305 200
310 184
313 167
315 150
317 132
195 120
203 115
213 114
223 117
232 121
256 119
266 114
277 111
288 111
299 116
244 132
243 142
243 153
242 163
233 172
238 174
244 175
250 173
256 171
206 135
213 129
222 129
230 137
222 138
213 138
262 135
269 127
279 126
287 131
280 135
271 136
220 192
227 185
237 182
244 184
252 182
264 184
276 189
266 203
254 209
245 211
237 210
227 204
224 193
237 189
245 189
253 189
272 190
253 199
245 201
237 200