200 81
199 88
199 95
200 103
202 110
206 116
211 120
217 124
224 125
231 125
236 121
240 117
244 111
247 105
249 99
250 93
250 87
208 73
212 71
217 71
222 72
227 75
236 77
241 76
244 75
248 77
250 80
231 82
231 87
231 92
231 97
224 98
227 100
229 101
232 101
234 100
213 80
216 78
220 79
222 82
219 82
216 81
236 85
239 83
243 83
245 86
243 86
239 86
214 104
219 102
225 103
228 104
232 104
235 105
237 107
234 112
230 114
226 113
223 113
218 110
215 104
224 105
228 106
231 106
236 107
231 111
227 111
223 110