215 87
213 94
213 101
213 108
214 116
216 123
219 130
224 136
230 139
238 139
246 137
252 133
258 127
261 120
263 112
265 105
266 97
218 77
221 74
225 73
229 74
233 77
242 79
247 77
253 77
257 79
261 83
236 85
235 90
233 95
232 100
229 103
230 104
232 105
235 105
237 105
221 85
224 84
228 84
231 87
227 87
224 87
244 89
247 87
251 88
254 90
251 91
247 90
222 111
225 108
229 108
232 109
236 109
242 111
248 115
241 120
235 121
231 121
228 119
224 116
224 111
229 111
232 112
236 112
246 115
236 118
232 117
229 116