178 94
179 101
181 107
185 114
188 121
193 126
199 132
205 135
213 135
220 132
227 126
232 119
235 112
236 103
236 95
236 87
235 80
180 84
182 81
186 80
191 79
196 80
206 78
210 75
214 73
220 72
225 73
201 87
202 92
203 98
204 104
201 107
203 108
206 108
208 106
211 104
186 91
188 88
192 88
195 90
192 91
188 91
211 86
213 82
217 81
220 82
218 84
214 85
196 115
199 112
204 111
208 110
211 109
217 108
223 108
219 116
214 120
210 122
206 122
200 120
198 115
204 113
208 113
212 112
221 109
213 117
209 118
205 119