382 138
384 151
387 165
390 178
396 189
405 199
416 207
428 214
439 215
449 211
459 204
468 195
476 185
480 174
482 162
483 149
484 137
391 129
398 124
408 123
417 124
425 128
443 126
450 121
459 120
469 121
476 125
434 136
435 145
436 154
437 163
427 166
431 168
437 170
442 167
446 165
404 138
409 135
416 136
421 140
416 141
409 141
447 139
452 134
459 133
464 137
460 139
453 139
416 178
424 175
431 174
437 175
442 173
449 174
456 175
450 183
443 188
437 189
431 189
424 186
419 179
431 178
437 178
443 177
452 176
443 182
437 183
431 183