447 126
448 139
450 153
452 166
457 179
464 191
473 201
483 210
495 214
508 212
520 205
530 196
539 185
545 173
549 159
551 146
553 132
455 114
462 110
471 109
480 111
488 116
508 116
517 112
527 111
536 114
543 120
497 127
497 137
497 147
496 156
485 161
490 163
496 165
502 163
507 162
464 126
470 122
478 123
483 129
476 130
469 129
513 131
520 125
527 125
533 130
528 133
520 133
474 172
482 170
490 169
497 171
504 170
513 171
523 174
514 185
504 188
496 188
489 187
481 183
477 173
489 174
496 174
504 174
520 175
504 182
497 182
489 181