414 166
415 180
417 193
421 206
428 218
438 228
449 237
462 242
474 243
484 239
492 231
499 221
504 211
508 200
510 190
510 179
509 169
433 159
441 154
450 153
459 154
468 158
483 158
490 156
497 155
503 155
507 159
477 166
477 173
478 180
480 187
467 191
472 193
477 195
482 193
485 192
444 166
450 162
457 162
462 167
456 168
449 168
483 168
488 162
494 163
499 166
495 169
489 169
450 205
460 201
470 199
476 201
481 199
488 200
491 203
487 213
481 218
475 218
469 218
459 214
453 205
470 204
476 204
481 203
488 204
481 211
475 212
469 212