441 120
440 133
440 146
443 159
448 171
455 183
464 194
474 204
488 206
503 205
517 198
529 188
539 177
546 165
550 150
552 136
553 122
445 103
451 96
460 95
468 96
477 101
499 101
509 97
520 95
530 97
539 103
488 116
487 125
486 134
486 144
475 150
481 152
487 154
494 151
500 149
455 119
461 116
469 116
476 120
468 122
461 122
503 120
510 115
518 115
525 118
519 121
511 121
466 165
473 161
481 160
487 161
494 160
504 162
515 165
505 178
494 183
487 184
480 183
472 178
470 166
481 165
487 165
493 165
512 166
494 175
487 175
481 174