428 116
428 129
428 142
431 156
435 168
441 181
449 192
457 203
469 206
481 204
492 196
502 186
510 174
515 161
517 147
520 134
522 121
434 109
440 105
449 105
456 108
463 113
484 114
492 110
500 108
508 108
515 113
472 123
471 133
470 143
469 152
461 153
465 156
469 159
475 157
479 155
443 120
449 118
455 119
460 123
454 124
448 123
486 125
492 121
499 121
504 124
499 126
493 126
449 162
457 161
464 161
470 163
477 162
485 163
495 164
486 176
476 181
469 181
463 180
455 174
452 163
464 165
470 166
477 166
491 165
477 174
470 175
464 173