397 153
397 165
397 178
397 191
400 203
406 215
414 225
424 234
435 238
447 238
457 231
467 222
475 214
480 203
485 192
488 180
491 169
412 145
420 143
428 144
435 147
442 152
460 154
467 151
474 151
481 152
486 156
449 162
448 171
447 180
446 189
437 190
440 193
444 195
448 194
451 193
419 157
425 154
431 155
435 161
430 162
423 161
460 165
465 161
472 161
476 166
472 168
466 168
422 201
430 199
437 199
441 201
447 201
452 203
458 207
451 215
445 217
439 217
433 215
427 210
424 202
436 202
441 203
446 204
455 207
445 211
440 211
435 210