429 125
429 140
430 155
432 170
436 184
444 197
454 208
466 217
479 219
491 216
501 207
509 197
515 185
519 172
523 160
525 147
526 135
445 116
454 113
463 113
472 116
480 121
497 122
504 118
512 117
519 116
524 120
488 133
488 143
488 153
488 163
477 169
481 171
486 173
490 171
493 170
454 131
460 127
468 128
473 134
467 136
459 135
497 136
503 130
510 130
515 134
511 138
503 139
465 186
473 184
480 183
484 185
488 184
493 185
498 187
493 194
488 196
484 197
479 196
472 194
469 187
479 188
484 188
488 188
495 188
488 189
484 189
480 188