407 160
411 176
416 191
423 205
435 214
449 221
464 226
480 229
492 226
501 218
506 206
512 194
517 182
519 169
519 156
515 143
510 132
428 144
435 137
444 133
454 132
464 133
481 127
487 122
494 118
502 117
507 121
476 143
479 151
483 159
487 168
475 177
481 177
487 178
491 174
494 170
441 153
446 148
454 146
460 149
455 152
447 154
485 141
489 135
496 132
502 135
498 139
491 141
459 194
469 190
479 187
486 186
490 183
496 181
502 181
499 193
495 200
490 203
483 205
471 203
462 194
480 190
487 188
491 186
499 183
492 195
488 198
481 199