388 154
388 166
390 178
394 190
399 201
405 210
412 219
421 226
431 228
442 226
451 219
458 210
465 200
471 189
474 177
476 164
477 152
392 139
399 135
406 136
413 139
420 143
437 143
443 139
451 136
459 136
466 138
428 152
428 161
428 170
428 180
421 183
424 185
428 187
433 184
437 182
401 152
406 148
413 148
417 154
411 155
405 155
441 154
446 149
453 148
458 152
454 155
447 155
413 194
419 192
424 191
429 193
435 192
441 192
448 195
442 204
435 208
429 209
424 208
418 204
417 195
424 196
429 196
435 196
445 196
435 202
429 202
424 201