403 151
402 165
402 179
403 194
406 207
412 220
421 230
431 237
443 241
454 240
464 233
474 224
481 214
487 203
491 191
494 179
496 167
416 148
424 144
434 146
442 150
450 156
464 159
471 156
479 154
487 155
492 160
455 166
454 175
454 183
453 192
442 194
446 197
451 200
455 199
460 197
424 161
430 158
437 160
442 166
435 167
428 166
465 170
470 165
478 166
482 170
478 174
471 173
423 201
433 202
443 203
449 205
455 204
461 206
469 208
460 218
452 220
446 220
439 219
430 213
425 203
442 205
448 207
454 207
465 209
453 215
447 215
440 214