417 154
417 166
418 178
419 191
422 203
429 214
436 226
444 236
455 240
467 238
479 231
490 222
499 211
505 198
509 184
511 170
513 157
422 149
428 145
435 146
442 149
449 154
467 154
475 149
483 147
492 148
500 153
457 163
456 171
455 179
454 188
447 191
450 193
454 195
459 194
464 193
431 160
436 158
442 160
446 163
441 164
435 163
471 165
476 162
482 162
487 164
483 166
477 166
436 198
443 199
450 200
455 201
461 201
470 201
479 202
470 213
461 218
454 218
448 216
442 210
439 200
449 203
455 205
461 204
476 203
461 211
454 211
449 210