421 137
422 150
424 163
427 175
432 187
439 198
448 207
458 214
469 217
480 215
491 208
500 200
507 190
511 179
513 167
514 155
515 142
431 130
439 127
448 127
456 129
465 133
484 133
492 129
499 128
508 128
514 131
473 143
473 152
473 161
473 170
465 174
469 176
472 177
476 176
479 174
442 143
449 140
456 141
460 145
454 146
448 146
485 146
491 141
497 141
503 144
498 147
491 147
454 188
461 186
467 185
472 186
477 185
482 186
488 188
482 195
477 197
471 198
466 197
460 195
457 189
467 190
472 191
477 190
485 189
477 190
472 190
467 190