420 141
422 155
426 169
431 183
438 196
448 206
459 215
472 220
483 221
493 217
501 207
509 196
514 185
518 172
519 158
520 145
519 132
436 135
444 132
453 132
461 134
469 137
487 135
493 131
500 126
507 123
514 124
480 144
481 154
482 164
484 174
474 178
478 180
483 181
487 179
491 176
447 146
452 142
459 141
465 146
459 148
452 149
489 143
494 136
501 134
507 137
503 141
496 143
463 190
471 189
477 187
482 188
486 186
491 186
497 187
492 193
488 196
483 197
478 197
471 195
467 191
478 191
483 191
487 190
494 189
487 190
483 191
478 191