385 170
383 179
383 188
387 198
390 207
393 215
397 228
400 238
406 243
416 243
430 239
445 232
459 223
468 212
472 197
473 182
472 168
383 154
386 153
388 154
391 157
394 161
407 159
415 155
425 152
435 154
444 159
401 171
399 180
396 188
393 197
390 201
393 204
398 206
403 204
408 203
387 170
390 167
395 167
399 171
394 173
389 173
416 173
421 168
428 168
434 171
428 174
422 175
392 216
392 213
395 212
398 214
401 212
410 215
419 218
411 223
404 225
399 226
396 224
394 220
394 216
395 216
398 217
402 217
416 218
403 218
399 218
396 217