432 138
432 150
433 163
435 175
438 187
445 197
454 205
464 211
476 213
487 211
497 205
506 197
513 187
517 175
520 164
523 152
524 139
443 127
450 123
459 121
467 123
475 127
489 128
496 125
505 124
513 126
518 131
481 137
481 146
481 155
481 164
472 168
476 170
480 172
484 170
488 169
452 137
457 133
464 133
468 139
463 140
456 139
493 139
498 135
504 135
509 139
504 141
498 141
462 185
468 181
475 179
479 180
483 179
488 181
492 186
487 190
482 193
478 193
473 193
467 191
465 185
474 184
479 184
483 184
489 186
482 187
478 187
474 187