385 128
386 141
388 153
390 166
393 178
399 189
407 197
418 203
429 205
442 203
453 197
463 189
470 178
473 166
475 152
476 139
477 126
392 118
397 113
404 112
411 114
417 117
437 116
443 111
451 109
458 111
464 115
426 126
426 132
426 139
426 147
419 155
423 156
427 156
431 155
435 154
400 128
405 124
411 124
417 129
411 130
404 130
439 128
444 123
451 122
456 126
451 129
445 129
413 173
419 168
424 166
428 166
432 165
439 167
446 172
440 179
433 182
429 182
425 182
419 180
417 174
424 170
428 169
432 169
443 172
433 176
429 176
425 176