346 165
348 179
352 192
356 205
363 216
372 226
384 233
397 236
411 235
422 231
431 223
437 212
440 200
441 187
442 175
441 162
439 150
356 152
362 146
370 142
380 141
389 143
407 139
414 135
422 133
430 133
436 138
401 152
402 160
404 168
406 176
397 185
402 185
407 186
410 184
413 182
368 160
374 155
381 154
387 158
381 160
374 161
411 154
416 148
423 147
428 150
424 153
418 154
386 203
394 199
401 197
407 197
412 195
417 195
423 196
419 202
414 205
409 207
403 208
396 207
389 203
402 201
407 201
412 199
419 197
413 199
408 200
403 201