419 178
421 192
424 206
428 219
437 229
450 236
465 242
479 246
492 247
501 244
507 236
511 227
515 217
518 207
521 196
521 185
519 175
447 159
456 154
465 152
474 152
482 154
502 155
507 152
512 151
516 153
519 155
495 170
497 177
500 185
503 193
489 200
494 201
499 202
502 201
504 199
459 170
466 166
473 166
478 172
472 174
465 173
500 172
505 167
511 167
514 172
511 175
505 175
475 218
485 213
493 210
497 211
501 210
504 213
505 219
503 222
499 224
496 224
491 224
484 222
478 218
493 216
496 216
500 216
502 219
499 217
496 217
492 217