440 128
441 140
443 153
446 165
449 176
456 186
463 196
472 205
483 208
495 206
507 198
517 188
527 177
532 164
534 149
535 134
536 119
441 120
446 116
454 117
461 119
468 122
484 121
493 118
501 115
510 115
520 117
476 131
476 140
476 149
475 159
470 163
473 165
477 167
482 165
486 163
449 130
454 126
462 126
467 132
461 134
454 134
491 131
496 125
504 124
510 128
505 132
498 133
462 177
468 175
474 174
479 175
484 174
492 175
502 175
493 185
485 188
479 189
474 188
468 185
465 179
474 180
479 180
484 180
498 178
484 180
479 180
474 180