421 180
422 191
425 203
427 214
431 225
438 234
446 242
456 248
467 249
478 246
487 238
495 230
501 220
503 209
503 198
504 187
504 175
426 175
432 170
440 169
448 170
456 171
472 170
479 167
486 165
493 165
499 169
463 179
464 187
464 195
464 204
456 207
460 209
464 210
469 208
473 205
436 181
441 178
448 178
453 182
447 183
441 183
474 180
479 175
485 174
490 177
486 180
480 180
446 215
452 213
459 213
465 213
470 212
478 212
485 213
479 223
472 227
466 228
460 228
452 224
449 216
459 216
465 216
471 215
482 214
471 222
465 223
459 223