404 144
407 157
411 170
415 183
421 195
430 205
441 212
453 218
466 219
477 214
486 205
494 194
500 182
501 168
501 154
501 140
500 127
410 133
415 127
423 123
432 123
441 126
458 121
466 118
473 115
482 115
489 119
451 134
452 142
454 151
455 160
448 166
452 167
457 168
461 165
465 162
421 141
426 135
433 135
439 140
433 143
426 144
464 135
468 128
475 126
481 130
477 134
470 136
436 183
443 179
451 176
458 176
464 174
473 173
481 175
476 187
469 193
462 195
454 196
445 193
439 184
452 180
459 179
465 177
478 176
467 188
460 190
453 190