1002 431
1002 458
1006 486
1013 512
1020 539
1031 565
1046 587
1066 604
1090 610
1115 604
1138 588
1157 567
1171 542
1180 516
1187 489
1194 461
1196 433
1015 409
1029 402
1046 404
1060 411
1074 420
1110 420
1126 411
1143 406
1161 406
1176 414
1091 443
1091 465
1090 486
1090 508
1074 514
1082 518
1090 521
1098 518
1107 514
1032 440
1044 434
1058 435
1068 446
1055 448
1042 446
1117 447
1128 438
1142 437
1154 443
1143 450
1130 450
1057 550
1069 541
1081 536
1090 539
1101 536
1113 540
1125 549
1113 560
1101 568
1090 570
1079 569
1068 564
1064 551
1081 550
1090 550
1101 549
1117 550
1100 550
1090 552
1080 552