843 409
845 434
851 460
860 485
873 507
889 525
906 541
926 555
948 556
970 550
992 532
1012 510
1028 486
1039 460
1042 432
1044 403
1044 375
854 374
868 368
882 368
896 370
909 378
949 375
966 365
984 359
1004 358
1021 366
933 399
934 421
935 443
936 464
923 470
930 474
939 476
948 472
956 467
871 401
882 393
897 393
909 405
896 409
882 408
963 401
974 388
990 385
1003 392
994 401
978 403
906 498
918 494
930 492
940 494
951 491
963 491
978 491
965 508
953 516
942 518
931 518
918 512
911 499
931 501
941 502
952 500
970 494
951 500
941 502
930 502