955 413
954 439
957 466
964 491
974 517
987 541
1004 563
1024 582
1050 588
1079 583
1105 568
1128 548
1146 525
1157 498
1163 471
1168 444
1171 416
963 382
977 372
995 373
1013 378
1028 389
1080 387
1098 379
1116 375
1135 378
1150 388
1052 414
1051 436
1050 458
1049 480
1025 482
1036 488
1049 494
1063 488
1076 485
981 413
994 407
1008 410
1021 420
1007 421
992 420
1089 422
1103 414
1118 413
1129 420
1119 426
1104 426
1000 503
1019 499
1037 501
1051 505
1068 502
1088 502
1111 503
1090 530
1068 540
1050 542
1034 539
1016 528
1006 506
1036 511
1051 513
1068 511
1104 505
1068 524
1051 526
1035 523