862 386
860 409
863 434
873 458
887 480
901 502
913 522
927 542
946 549
969 546
994 532
1016 512
1037 489
1052 462
1060 432
1060 399
1059 368
860 343
867 334
878 334
890 339
902 347
933 344
952 334
974 329
995 333
1012 342
920 373
919 390
917 407
916 424
904 440
913 444
923 447
935 443
946 440
871 375
880 367
894 368
905 381
893 383
879 382
953 379
964 365
980 364
994 372
982 379
967 381
903 470
908 463
919 461
929 464
941 461
963 462
984 470
968 494
948 505
935 506
924 505
912 494
908 471
921 471
930 472
942 470
979 470
945 491
933 492
923 490