931 369
931 393
935 417
944 440
951 465
959 490
972 513
989 528
1012 533
1038 528
1066 515
1090 498
1109 476
1121 450
1130 421
1137 392
1140 360
931 336
942 329
955 328
969 331
981 338
1018 334
1036 326
1056 323
1076 325
1096 334
998 361
995 380
992 398
989 417
982 430
988 435
996 437
1006 432
1015 428
948 368
956 359
970 358
982 369
969 374
955 375
1034 367
1046 354
1062 354
1075 363
1063 370
1047 370
981 474
983 460
992 451
1000 454
1007 450
1024 457
1038 471
1026 483
1012 490
1003 492
994 491
986 486
988 473
993 469
1001 468
1009 467
1030 470
1010 471
1002 472
994 471