959 404
961 434
964 464
971 494
988 517
1013 535
1043 548
1074 560
1100 564
1122 559
1137 543
1147 522
1153 500
1157 477
1159 455
1158 432
1153 412
1010 370
1025 358
1046 353
1066 358
1084 369
1122 376
1132 371
1143 370
1153 372
1159 381
1105 396
1109 410
1113 424
1117 438
1091 453
1100 456
1109 459
1116 458
1121 455
1035 396
1047 388
1060 390
1071 400
1058 402
1045 401
1115 405
1125 398
1137 400
1144 409
1136 411
1125 410
1065 497
1084 485
1100 479
1109 481
1117 480
1126 487
1130 500
1125 507
1115 509
1107 510
1098 508
1083 505
1072 497
1099 491
1107 491
1115 492
1124 499
1116 496
1108 496
1099 496