691 382
694 413
698 444
705 475
722 500
747 518
776 532
805 542
830 545
850 537
864 518
878 497
890 476
898 452
902 429
902 406
899 384
732 352
750 344
770 342
789 346
807 355
852 358
863 352
875 349
887 349
895 356
833 382
836 402
839 422
843 442
812 447
824 451
836 456
846 452
853 447
756 376
768 367
784 370
796 384
782 386
766 384
849 387
859 374
873 373
883 382
875 389
861 390
765 467
793 465
818 465
831 467
841 465
854 465
865 467
854 491
841 503
829 505
815 504
790 493
770 469
817 473
830 474
841 473
858 470
841 489
829 492
816 491