936 405
938 434
943 463
949 491
959 517
975 541
995 559
1021 571
1049 573
1076 567
1099 552
1117 531
1130 506
1137 478
1141 449
1145 420
1145 390
949 373
964 361
983 360
1001 365
1019 374
1065 371
1081 360
1098 353
1117 352
1132 363
1043 395
1044 414
1045 432
1046 451
1027 466
1037 469
1047 471
1057 467
1066 463
973 404
985 396
1000 396
1014 404
1000 408
985 409
1071 400
1084 391
1098 389
1111 395
1100 401
1085 402
1008 511
1021 497
1037 489
1048 491
1059 487
1074 492
1087 504
1076 519
1062 526
1050 528
1038 528
1022 524
1016 510
1037 506
1049 505
1059 504
1080 504
1060 506
1049 508
1038 508