824 386
827 411
831 435
837 459
843 484
854 507
870 528
889 543
914 548
942 545
971 534
999 517
1020 495
1032 467
1038 437
1042 407
1045 375
826 360
838 349
856 345
874 347
891 353
921 348
942 339
964 333
986 335
1006 347
905 375
904 391
902 407
900 423
891 441
897 443
905 444
914 442
923 440
845 384
857 374
872 373
885 385
871 388
856 389
939 381
951 368
968 366
981 374
970 381
954 383
881 493
885 470
897 459
907 461
917 458
935 467
952 486
939 504
922 512
910 514
900 513
888 507
887 491
898 475
908 474
918 474
945 486
920 494
909 495
899 495