886 553
888 578
892 602
898 626
908 647
922 666
938 681
956 694
979 698
1003 695
1027 683
1048 669
1066 650
1078 626
1083 599
1085 571
1086 543
893 518
906 509
922 508
938 511
954 518
989 515
1006 507
1025 502
1044 503
1061 511
972 534
972 551
973 569
973 586
959 600
967 602
975 604
984 601
993 597
912 539
922 531
935 531
947 540
935 543
922 543
1003 538
1014 527
1028 527
1041 533
1030 538
1016 539
942 638
953 627
966 620
975 622
985 620
1000 625
1015 635
1001 647
987 652
976 654
966 653
954 649
948 638
966 630
976 630
986 629
1008 635
986 638
976 639
966 639