881 430
883 462
887 494
893 524
905 553
924 578
948 598
977 611
1005 615
1030 608
1049 590
1065 569
1076 546
1085 520
1092 493
1094 466
1091 439
919 410
936 397
958 393
979 396
999 405
1033 406
1048 398
1065 395
1081 397
1092 408
1017 428
1018 450
1020 471
1021 493
993 502
1004 507
1016 511
1026 508
1035 504
943 430
956 420
971 421
983 433
970 434
955 434
1039 435
1053 423
1068 422
1078 433
1068 437
1054 437
949 530
975 525
998 524
1011 527
1024 525
1039 528
1050 533
1038 555
1022 565
1008 567
994 565
971 555
954 531
998 531
1011 533
1024 532
1044 535
1022 552
1009 553
995 552