779 353
774 380
774 409
776 436
783 463
796 489
813 512
833 530
858 538
882 534
904 519
924 502
943 482
957 460
966 435
971 410
972 385
800 328
819 324
838 330
854 339
870 348
902 350
918 344
933 341
949 340
963 346
884 368
883 387
881 407
879 427
858 437
866 441
875 445
883 444
892 442
816 356
829 349
844 352
854 368
840 369
825 366
908 374
920 362
935 363
945 374
936 379
921 378
830 475
845 467
863 463
871 466
881 464
895 471
905 481
893 497
879 504
868 504
858 503
842 495
838 477
861 478
871 478
880 479
897 482
880 484
870 484
861 483