863 2756
862 2762
862 2767
863 2772
865 2777
869 2780
873 2783
879 2784
884 2784
888 2783
891 2781
894 2778
896 2774
897 2770
898 2766
899 2762
898 2758
873 2751
877 2749
880 2748
884 2748
888 2750
893 2751
895 2750
897 2750
899 2750
899 2751
890 2755
890 2758
891 2761
891 2764
886 2767
888 2767
890 2768
892 2767
893 2767
877 2754
879 2753
882 2753
883 2755
881 2755
879 2755
892 2755
894 2754
896 2754
897 2755
896 2756
894 2756
879 2773
883 2772
887 2771
889 2772
890 2772
892 2772
893 2773
891 2775
890 2775
888 2776
886 2776
882 2775
880 2773
887 2773
889 2773
890 2773
892 2773
890 2773
888 2773
886 2773