772 375
780 404
792 433
805 458
826 480
854 495
886 505
920 509
948 504
971 490
985 469
996 445
1002 419
1002 392
998 365
991 341
981 319
809 343
824 331
842 322
862 319
883 321
919 313
931 303
944 295
959 291
974 296
908 339
915 354
922 369
929 385
907 405
919 404
930 403
938 398
945 392
837 360
848 349
861 346
877 352
864 358
850 361
929 337
938 325
951 321
963 325
955 332
942 336
876 440
896 427
917 419
931 417
940 412
955 410
969 414
962 437
951 450
940 456
926 459
902 456
882 439
920 428
933 425
943 421
963 418
946 436
936 442
922 445