918 459
908 490
899 523
893 555
895 587
908 617
925 644
944 668
966 684
990 688
1012 678
1035 664
1056 648
1075 629
1092 608
1106 587
1117 564
982 460
1007 462
1028 473
1044 489
1056 505
1091 525
1105 525
1116 528
1126 532
1131 540
1063 533
1058 552
1052 572
1047 591
1014 586
1022 595
1029 603
1038 605
1046 605
992 497
1008 497
1021 505
1026 521
1013 517
1001 509
1075 547
1089 544
1101 549
1105 560
1096 561
1085 556
965 596
988 602
1007 609
1016 616
1027 618
1035 626
1037 634
1023 646
1011 648
1000 644
989 637
975 622
971 601
1002 618
1011 624
1022 627
1031 634
1018 633
1007 630
998 624