978 364
980 392
986 419
994 446
1005 471
1021 494
1041 513
1064 526
1089 529
1115 521
1138 504
1156 484
1170 460
1177 432
1182 405
1186 377
1188 348
990 337
1003 325
1022 325
1040 329
1057 337
1093 332
1111 321
1130 314
1150 315
1166 325
1076 356
1076 377
1077 398
1078 418
1060 429
1069 433
1079 435
1089 432
1099 427
1013 363
1024 354
1038 354
1050 364
1038 367
1024 368
1104 361
1116 349
1131 348
1142 355
1132 361
1119 362
1048 470
1059 462
1071 457
1080 459
1091 456
1105 460
1120 464
1107 476
1093 482
1082 483
1072 483
1060 478
1055 470
1071 467
1081 468
1091 467
1113 466
1092 467
1081 468
1072 467