867 443
877 470
889 497
905 522
926 543
956 558
988 570
1021 575
1048 568
1067 552
1074 525
1079 496
1082 468
1080 442
1076 418
1069 395
1058 375
905 420
917 407
934 398
952 394
972 396
1006 384
1014 371
1024 362
1036 355
1049 356
998 413
1007 432
1017 450
1026 468
1002 485
1015 484
1026 483
1033 476
1038 467
931 436
940 421
955 418
969 428
957 436
943 439
1013 407
1020 389
1033 382
1045 387
1040 399
1026 406
970 511
993 503
1016 496
1029 494
1038 486
1051 480
1063 474
1059 502
1051 520
1040 527
1026 531
1001 527
977 511
1018 504
1031 501
1041 494
1058 480
1045 507
1034 514
1021 518