837 433
843 465
850 497
858 528
874 555
898 578
926 595
958 605
986 603
1009 590
1025 567
1039 544
1048 520
1053 495
1055 469
1054 443
1051 419
867 408
885 397
905 395
925 399
944 408
986 402
1001 391
1016 385
1033 383
1044 392
970 429
974 452
978 475
982 497
955 502
967 506
980 510
989 504
996 496
894 436
906 426
922 427
936 438
921 442
906 442
990 431
1001 417
1016 415
1028 421
1019 429
1005 431
914 527
940 521
962 519
977 519
990 515
1003 512
1016 513
1006 535
995 548
980 553
964 554
940 549
922 529
963 527
978 526
991 522
1007 516
992 535
978 540
963 541