951 304
939 332
929 359
921 388
917 418
921 446
929 472
941 494
961 510
985 519
1010 516
1034 507
1057 495
1079 480
1098 464
1119 445
1137 422
981 293
1003 290
1024 299
1040 313
1052 332
1093 353
1112 355
1130 364
1143 377
1146 395
1059 357
1050 372
1041 387
1031 402
1001 402
1008 409
1017 419
1028 424
1040 428
991 322
1005 322
1018 331
1024 347
1010 341
997 332
1080 381
1097 378
1109 387
1117 402
1103 398
1090 390
954 419
976 420
997 424
1006 433
1016 437
1030 451
1041 467
1016 477
996 477
985 470
975 463
962 446
958 423
991 432
1001 439
1011 445
1033 465
1005 464
994 459
984 451