981 430
974 452
972 474
975 496
979 519
984 543
989 566
997 583
1011 592
1032 595
1059 591
1084 580
1106 567
1123 546
1136 519
1142 489
1145 460
980 385
985 380
993 379
1002 383
1009 391
1039 392
1056 386
1075 385
1092 393
1104 407
1019 421
1013 439
1006 458
999 477
992 489
998 494
1005 497
1014 496
1024 494
987 419
992 410
1003 412
1010 423
1001 425
991 424
1049 430
1060 419
1074 420
1085 430
1073 435
1060 433
989 531
991 521
997 517
1004 520
1012 518
1029 526
1045 538
1028 545
1014 547
1004 547
996 545
992 540
994 530
998 529
1004 530
1013 531
1038 536
1012 532
1004 532
997 530