412 151
410 161
411 171
412 181
414 192
419 201
426 208
434 212
444 213
454 212
464 210
474 206
481 200
487 191
489 181
491 170
492 160
416 140
422 137
429 137
436 139
442 143
455 143
462 140
469 139
476 140
482 143
447 149
447 155
446 161
445 168
437 172
441 174
445 175
449 174
453 173
423 149
428 147
433 147
438 151
433 152
428 151
460 152
466 150
471 150
475 153
471 154
465 154
427 183
434 180
440 179
445 180
450 180
458 181
466 185
458 191
450 193
445 193
439 192
433 190
430 184
440 183
445 183
450 183
464 185
451 188
445 188
440 188