387 200
387 211
388 222
391 233
394 244
399 254
406 263
416 268
426 270
438 269
450 265
461 259
470 250
477 240
480 228
483 216
484 204
391 180
399 176
408 177
417 179
424 184
437 185
446 181
455 180
465 182
473 187
430 193
429 200
429 206
428 213
421 222
424 223
428 224
432 223
436 222
400 194
405 191
412 191
418 196
411 197
405 197
444 198
451 194
457 194
463 198
458 200
451 200
410 240
417 235
424 232
428 233
432 232
439 236
447 241
440 245
433 247
428 247
423 247
417 245
414 240
423 238
427 239
432 239
444 241
432 239
428 240
424 239