402 157
404 169
406 181
408 192
412 203
419 212
428 221
437 228
447 229
457 227
466 220
474 212
480 202
483 192
484 181
485 169
486 158
409 153
415 150
422 150
429 152
436 155
453 153
459 149
466 148
472 147
478 149
444 163
444 171
445 179
445 187
437 189
441 191
445 192
449 190
453 188
418 163
423 160
429 161
433 165
428 166
422 165
455 164
460 159
466 158
471 161
467 163
461 164
424 197
433 198
440 199
445 199
450 198
457 197
465 195
458 204
451 209
446 210
440 209
433 206
428 199
440 201
445 201
450 200
462 197
451 204
445 205
440 205