433 164
433 176
435 187
439 199
445 209
451 219
457 228
466 235
476 237
486 235
495 228
503 219
510 208
514 196
516 184
518 171
518 158
440 156
448 154
456 157
464 159
471 163
482 162
489 158
496 154
505 151
512 153
476 168
477 177
478 187
478 197
469 197
473 199
478 201
482 199
486 197
448 167
453 165
459 165
465 169
458 170
452 169
487 167
492 163
499 162
504 164
500 167
493 168
459 209
465 206
471 204
477 206
482 204
488 205
493 208
488 216
482 220
477 221
471 220
465 217
462 209
471 208
477 208
482 208
490 208
482 213
477 214
471 213