402 214
402 224
404 235
409 244
413 254
418 265
424 274
430 281
439 282
450 279
461 271
471 262
480 252
485 241
486 227
485 214
484 201
398 201
401 197
407 196
412 197
418 200
432 197
439 192
448 189
457 189
465 193
426 210
425 218
424 226
424 235
420 239
424 241
428 242
432 240
437 238
406 212
409 209
415 209
420 213
415 214
409 215
441 210
445 205
451 204
457 206
453 209
447 210
419 256
422 252
426 250
430 252
435 250
443 250
451 251
444 259
437 263
432 264
427 264
423 261
422 256
426 256
431 256
436 255
448 252
436 255
431 256
427 256