460 149
456 163
455 177
456 192
462 204
469 214
478 223
488 229
498 232
507 231
515 225
523 217
530 208
536 199
542 189
546 179
546 168
483 136
491 134
500 135
509 138
516 144
531 149
536 147
542 147
547 148
551 152
522 157
521 166
520 175
520 184
508 188
511 190
514 192
518 192
521 190
489 150
495 147
502 149
507 156
500 155
493 154
527 161
532 157
538 158
541 163
538 165
531 163
494 202
502 199
510 198
514 200
517 200
521 203
522 208
518 214
514 217
510 216
505 215
499 210
497 203
508 205
512 206
516 207
520 208
515 207
512 207
508 205