384 188
383 201
383 215
386 228
394 238
404 247
417 253
428 256
439 257
448 254
454 247
460 239
465 230
469 221
472 212
473 203
471 194
407 177
415 173
424 172
433 174
441 179
452 181
457 178
462 176
468 176
471 180
446 190
447 198
448 205
449 213
436 216
440 218
445 220
450 219
453 217
418 188
423 185
429 186
433 191
428 191
422 190
451 193
456 188
461 188
465 192
461 193
456 194
418 225
428 223
438 223
443 224
447 224
452 225
455 227
450 236
445 239
441 240
435 239
426 234
420 225
437 226
442 226
447 226
452 228
446 234
441 235
436 234