396 208
397 220
399 232
402 243
407 254
413 264
421 271
431 277
442 278
452 275
461 268
468 259
474 248
477 237
480 226
481 214
481 203
404 197
411 195
419 197
425 198
432 200
449 200
456 197
463 195
470 194
477 195
441 207
442 216
442 226
443 236
434 239
438 240
443 241
447 240
451 238
412 207
417 204
423 204
428 208
422 209
417 209
453 207
458 203
463 202
469 204
465 207
459 207
425 253
431 250
437 248
442 249
447 247
452 248
458 251
453 257
448 260
443 261
437 261
431 259
428 253
437 253
442 253
447 253
455 251
447 253
442 254
437 253