400 208
397 220
396 234
396 247
401 258
409 269
419 277
430 284
439 287
447 286
453 279
458 272
465 265
470 257
475 249
477 240
478 232
428 205
436 203
444 204
451 206
457 211
471 215
474 214
478 213
481 214
482 217
462 223
462 231
462 240
462 248
448 249
452 252
456 254
460 254
463 252
435 217
440 216
446 217
449 221
444 221
439 220
464 226
469 224
474 225
476 228
473 229
468 228
430 254
441 256
449 257
453 259
456 259
459 260
460 262
456 267
452 269
449 268
444 267
437 262
433 255
448 261
451 263
455 263
458 263
454 263
450 263
446 262