458 189
459 200
461 210
466 220
472 230
479 239
488 246
498 252
509 252
519 248
530 240
539 230
546 219
549 207
549 194
547 181
546 168
458 176
462 171
469 169
476 169
483 170
498 166
506 160
514 157
524 156
532 159
492 177
493 186
494 195
494 204
489 209
493 210
497 210
501 208
505 205
467 183
471 178
478 177
483 182
478 184
472 185
507 177
511 170
517 168
523 171
520 174
514 176
484 224
489 220
494 218
499 219
504 216
513 216
522 216
516 225
508 230
503 232
497 232
491 230
488 224
495 221
500 220
505 219
519 217
507 224
501 226
496 226