382 196
382 207
382 218
383 229
387 239
392 249
400 257
410 264
420 266
431 265
441 259
450 251
457 242
461 231
463 220
464 208
464 197
387 185
391 179
398 178
406 179
412 181
430 181
437 179
444 179
452 180
458 184
421 189
420 198
420 206
419 214
412 217
416 219
420 221
424 219
428 217
396 191
401 188
406 188
411 192
406 192
401 192
434 192
439 188
444 188
449 192
444 192
439 192
400 228
406 227
414 227
419 228
426 227
434 227
443 229
435 238
427 241
420 242
414 241
406 238
402 229
414 229
420 230
426 229
440 229
426 237
420 237
414 237