389 180
381 188
376 197
373 206
370 217
368 229
367 242
367 252
373 260
383 265
398 266
414 265
428 262
440 255
449 246
456 236
462 226
394 168
399 167
403 170
406 174
407 180
419 185
428 185
438 189
444 196
448 205
407 192
402 199
396 206
390 213
384 212
386 217
388 220
394 221
399 221
394 182
397 181
401 184
403 189
399 187
395 185
420 200
426 199
431 203
435 209
429 207
424 204
376 223
378 220
382 221
385 225
389 226
396 232
401 241
391 243
383 243
378 241
375 238
373 231
378 224
380 226
383 228
388 230
398 240
386 238
381 235
378 233