412 185
412 198
414 210
416 222
419 234
425 244
432 253
440 259
451 261
461 258
472 251
480 242
488 231
492 219
496 207
499 195
501 182
418 175
425 172
433 174
439 177
444 182
462 183
469 179
476 177
484 176
490 180
453 191
452 202
452 212
451 222
443 222
447 225
451 227
456 225
460 223
424 189
429 185
435 187
440 193
434 193
428 192
465 194
471 188
477 187
482 191
477 194
471 194
434 233
441 232
446 232
451 233
455 233
461 233
467 234
461 242
455 245
450 245
445 244
440 241
437 234
446 235
451 236
455 235
464 235
455 239
450 239
446 238