395 241
397 251
400 261
404 271
408 280
415 289
423 296
432 302
442 302
452 300
461 293
469 285
474 274
476 262
478 250
478 238
478 226
397 233
402 229
408 228
415 229
421 232
436 228
442 222
449 219
458 218
465 220
429 237
430 245
430 253
431 261
426 266
430 267
433 268
436 266
440 264
406 240
410 237
416 237
421 241
416 242
410 243
443 237
447 232
453 230
458 232
455 236
449 238
421 277
426 277
431 276
435 277
439 275
446 275
454 272
448 281
441 285
437 286
433 287
427 284
423 279
432 279
435 279
440 278
451 274
440 279
436 280
432 280