376 219
375 229
376 240
377 252
380 263
386 273
394 282
403 289
414 292
425 289
435 284
444 276
450 267
455 257
457 246
459 234
459 223
383 206
389 202
396 203
402 205
408 209
426 210
431 206
438 205
444 205
450 208
416 218
416 226
415 234
415 242
406 244
410 246
415 249
419 247
424 245
389 216
394 212
400 214
405 220
399 220
393 219
428 221
432 216
439 215
443 219
439 221
433 222
395 256
402 253
409 252
415 253
421 253
428 254
435 258
428 268
420 272
414 272
407 271
400 267
397 257
409 257
414 258
420 258
432 258
420 265
414 266
408 265