377 184
376 195
375 205
376 216
378 227
383 237
389 246
395 256
405 259
417 259
430 254
442 249
452 241
459 230
462 218
465 206
468 193
381 171
386 167
393 167
399 170
405 174
423 175
432 172
441 172
449 175
456 181
412 184
410 192
408 200
406 208
400 211
403 213
407 215
412 214
417 213
388 181
393 179
399 180
404 185
398 185
392 184
427 187
432 184
439 184
444 188
439 190
432 189
389 221
395 219
402 220
407 222
414 221
423 223
433 227
423 235
413 238
406 238
400 236
394 231
392 222
402 223
407 224
414 225
430 227
413 232
407 232
401 230