409 182
410 191
412 199
416 207
421 216
425 224
431 232
437 239
445 241
453 239
464 233
472 226
479 217
482 206
483 194
482 182
480 170
406 166
410 163
414 163
419 164
424 166
435 164
441 158
449 156
457 156
464 158
430 175
430 182
429 190
429 198
428 203
430 205
433 205
436 203
439 201
413 178
416 175
421 174
426 178
421 180
416 180
443 175
447 170
453 168
458 171
454 174
449 175
428 217
429 214
433 212
436 213
439 211
446 211
454 212
449 219
443 223
439 224
435 224
431 221
430 217
434 217
437 217
441 216
451 213
441 216
437 217
434 217