431 199
431 207
432 215
435 224
438 232
442 240
446 247
452 253
459 255
469 253
479 249
488 242
496 235
502 225
504 214
505 202
505 190
430 186
433 184
436 182
440 183
444 184
456 181
463 178
471 175
479 176
487 180
449 192
448 199
446 205
445 212
444 217
447 219
450 219
453 218
457 216
435 196
438 193
442 193
446 195
442 197
438 198
463 193
467 189
472 188
477 190
473 193
468 193
446 232
447 228
449 226
452 226
455 225
461 226
470 227
463 232
457 234
454 235
451 235
448 235
448 231
450 230
453 230
456 229
467 228
456 229
453 230
450 230