450 209
455 219
462 228
469 236
478 244
488 249
500 253
513 254
524 250
533 243
538 232
540 220
541 208
541 197
537 185
532 175
526 164
450 197
453 191
460 187
468 186
476 185
492 177
497 170
503 163
510 158
519 158
488 188
491 195
495 202
499 209
492 217
498 216
504 215
508 210
511 206
462 201
465 195
471 193
478 196
473 199
467 201
501 183
504 176
509 171
515 172
512 176
507 180
486 231
493 226
500 222
507 220
511 216
519 212
529 208
526 221
520 230
515 234
508 237
498 237
489 230
503 224
508 221
514 217
527 211
517 225
511 229
505 232