435 162
436 174
437 186
441 197
448 207
458 215
468 220
479 224
489 223
496 219
500 211
504 202
507 193
508 183
509 174
508 164
506 156
452 154
459 150
466 150
474 152
481 154
493 154
497 151
501 148
505 146
508 146
488 161
490 169
492 178
494 187
483 190
487 191
492 192
495 190
497 187
461 162
465 159
470 159
474 162
469 164
464 164
493 160
496 156
501 155
504 157
501 160
497 161
472 204
479 203
486 201
490 201
493 200
497 200
499 200
497 204
494 207
491 208
486 209
480 208
475 205
486 205
490 204
494 203
497 201
494 202
490 203
486 204