369 251
369 260
370 270
374 279
379 289
385 297
391 305
396 313
404 316
413 316
423 311
432 305
440 297
445 287
447 275
448 263
449 250
368 232
372 229
378 230
383 232
388 236
401 236
409 232
417 229
427 230
434 235
396 246
396 254
396 263
397 271
390 274
394 276
398 277
402 276
407 274
373 245
377 241
383 242
388 248
382 249
376 248
410 249
415 244
421 243
426 248
422 250
416 250
386 285
389 282
395 281
399 283
404 282
412 283
421 286
413 295
405 299
400 300
394 299
389 293
388 286
395 285
399 286
404 286
419 286
405 293
399 294
395 293