362 265
363 274
366 284
369 293
373 302
379 310
386 315
396 319
406 319
416 316
426 311
434 304
439 294
441 284
442 271
441 259
440 248
360 249
362 242
368 237
375 235
381 236
397 232
403 226
412 225
420 226
427 231
390 246
391 252
391 257
392 263
387 273
391 273
395 274
400 272
404 269
368 257
371 253
377 251
383 254
378 256
372 257
404 248
408 243
414 242
420 243
415 246
410 247
386 293
388 285
393 281
397 282
401 279
408 281
415 286
410 293
404 297
400 298
395 298
390 297
388 292
394 287
398 287
402 286
413 286
403 289
399 290
394 290